188.67944104 209.7115888746698
1288.86510073 1998.2012439300843
1922.0851902900001 2213.3977956088024
1024.3346307699999 995.6823934514573
679.65115923 649.1344297764231
533.06184175 464.57287340752424
390.76127749999995 349.9281796570037
323.0194486 291.2151548425007
279.1461766 290.9917683038777
248.28167553 258.7658631922289
225.4606821 300.6524091309692
191.23465464999998 227.5692788287205
213.4445345 246.78983005762976
157.83797642999997 162.34058728867285
177.37780826 206.42016940757188
154.79512352 162.8296815874489
147.22179161 165.3510503072831
119.58298549 130.78329972879018
130.30849852 145.00018422419492
101.24749933000002 136.41439869979078
93.89267623 102.0257906449625
88.00162166999999 100.56244514565793
82.38885313 109.06403100394182
81.98449788 133.83167271368592
73.97454316 86.2046753450851
59.36586471 67.75879214744302
56.795596100000004 70.56427007407535
66.31324467 81.39325986502959
56.507781210000005 76.78481399826002
59.23951878 85.97904512696488
46.144517996999994 49.825150561176606
56.960187819 75.9148243217598
43.74392859300001 55.37059218774512
42.654312589 51.7291837589331
41.130899592 46.830566491881015
37.372948223 41.12752902610804
45.650807025 52.116074988731164
43.35570335 49.40101525514147
35.158610274 43.91347651572103
35.588022971 45.97746344935731
31.89739114 42.24831824548857
46.418233187000006 90.16371327527266
31.996881287000004 102.49344972128655
32.890311616 43.29691625847943
27.149618854 31.141060717294607
25.701223537999997 31.201052353198335
32.071950617 39.771257630160996
24.742191832 46.22385795218291
26.293041804 30.82484375699511
31.707164968 52.81986884647108
22.769596319000005 33.73909849686132
24.686142936999996 31.1189507618687
25.325219873 35.86262926052515
20.728174875 31.83425392200678
24.241465312 36.540486679369536
27.006844465 37.21133532391666
19.885774725000005 28.177094957074402
20.847963552 27.543313830117143
23.127222464 32.05704041088982
19.005281783999997 26.17056317254153
18.742148067 22.795217804509086
21.785058799999998 25.478225034320403
21.912673864000002 28.558352989309743
17.298967773 22.726822394957864
18.2284253378 23.142525027471073
18.441048672 23.691225285533317
16.4725767272 22.627236978136096
14.4547360528 18.479382161408534
14.645443025 17.299662125802637
15.7305482437 20.296623376529652
13.238168569900001 18.342155573061635
12.488674271899999 17.67704826586432
13.6339545629 17.18425911866222
15.5505223268 20.83238460286599
13.8535070224 21.447782957487913
12.507144680900002 18.31840135354615
12.381290579 17.643283905742624
13.3476305323 19.092180120963285
13.169827644600002 22.848757987857258
11.932846264399998 16.597245175658962
11.8816173179 15.925616419133869
12.0963543618 14.905269778762902
13.6764377742 21.049630151000517
12.118935658999998 20.171838064853937
10.230551174200002 13.218104964175277
10.1785748972 13.62382007674559
10.5883637323 15.030616865713293
10.439746828499999 13.770124213324564
9.4400990026 12.169257771406418
8.8998323294 11.285728615386661
9.032825885500001 12.938771169170952
9.046591395199998 11.880525423419758
9.1579022684 11.38135016537365
8.4651001172 12.665115000272854
7.621233299500001 11.433678065308277
7.3652578522 12.016203936098321
7.2550682066 10.32046428883574
7.4484454785 10.269967168043173
7.2571787702 10.947822521895285
7.1309023437 16.643152282029586
6.662524479899999 12.187636557989197
6.460196054300001 11.64947446667846
6.347527486699999 10.855929773816982
6.3932402259 12.502719379726942
5.886057736700001 9.917843853100694
5.4289209864000005 8.92967458422617
5.2443557506 8.722863572463641
5.3306765455 9.638445032099833
5.4405762723999995 10.227267675580064
5.4875736739 9.111813071944612
5.3938624906 11.862618460993003
4.897471469399999 9.146513017780336
4.9521999626 9.317148708039097
4.6726280989 8.271358956390312
5.310292334100001 14.813191885349529
4.8736508902 9.188585608724594
4.6655875538 9.271480045183102
4.187205548300001 6.486959265621999
4.0136798059 7.467646897035231
4.224903528 10.367701412530192
3.9581383171000004 6.002999598863881
4.328337444999999 11.93026531435383
4.327300210000001 11.062013235625539
4.1184586326999995 7.132518593128989
4.022680841 7.747302332902233
3.8491265756999997 7.407889088786249
3.6881194543 5.80269305802234
3.7697860040999993 7.301237948959515
3.7931146919 7.881957600228574
3.7654362783999997 10.521350071889554
3.7736393028 8.033757241056287
3.5710619774000008 5.147653724347669
3.5954805404 7.298973889049006
3.7334154901 11.850331099562252
3.5558369246000003 9.677267628110986
3.5327160548000003 7.103634588634351
3.604367236 7.1173886290685475
3.5713207606 9.957910277302682
3.7082876320000002 17.089607308602115
3.1490120104000003 4.4985738981867724
3.1219067248 5.798651524991886
3.0849069938 4.445067238493219
2.9996169815 4.21880269032946
3.1803508885 9.303157782046613
3.0364665787000003 4.485453864105547
3.4940131462 14.735064125764119
3.5118805838 14.6956271843339
3.090316083 6.838136007587733
3.0059774619 6.592065474169345
2.9511208539999996 7.110086291509352
2.7044981348 3.642167188287497
2.8854835832 7.4069282879194525
2.7066340834000004 3.7882418893695515
2.8165397241 4.604316141815175
2.7283332952 4.288657302721317
2.9244847527 9.936327937255351
2.9279254147 9.06692829296115
2.6312520512999997 5.268349038158411
2.6994858793 6.583661966026314
2.74124131328 7.382179291338647
2.6757611407 8.95151669536089
2.6663956848000003 7.621860548453645
2.5352842402999993 3.845793796805687
2.7337959593999996 11.697477991287474
2.5036403692 5.303393138360838
2.3488460919999996 3.4993242585179827
2.3417429961 3.9619709635618006
2.54179919787 8.509610805340621
2.2585600761599998 4.129675737246373
2.1807456316500002 3.0021677653227363
2.3496083092399997 6.017206556003194
2.3594265306099995 7.27726781295113
2.20950916282 3.8904558909612725
2.20932110797 3.345643351375166
2.1940037195 5.414451915237318
2.33456779956 9.308741669830493
2.11249567037 3.548215303561465
2.1637681276 5.392789623868898
2.18304948212 5.643630019296183
2.13685090408 5.646095319285563
2.0493821957800002 4.032006902599217
2.0156582865 3.547590999225287
2.05581297187 4.373195362965137
2.20576789759 11.75226145152779
1.89058934572 3.0429065926466574
2.19993367979 11.842370605640902
2.01999843348 5.5576989900306355
1.88910829941 6.139021463253005
1.8691225185 5.288210210501397
1.9024527488899998 5.86607093871778
1.78551135015 4.701036802670658
1.73549402491 3.6440429119513826
1.98670359876 12.15494077991123
1.6732557507799999 3.2555724937033013
1.81052652025 5.8423568933635135
1.67099759403 4.969030268693953
1.6302162565100002 4.191537294732969
1.6715182817900003 5.68822564244735
1.59577647149 4.1075505037700015
1.69944325382 7.847995468402263
1.50577797336 4.026800601711975
1.5689191631200001 7.494821403160825
1.5888675801499998 8.872817346190624
1.3884171486999999 4.003650008336155
1.3416702211200002 3.08485509696995
1.37933556787 3.906834980452178
1.4764873735200004 7.273933409410514
1.7044004032899998 15.03135803552848
1.5579550281799999 11.584524571993233
1.5952494066000005 13.54127362820257
1.3379173231400001 5.966410881372858
1.4181895834 7.657436765517491
1.3047402463600002 4.364914014258163
1.38579588617 8.57627357108785
1.2170104950500003 4.004552829233186
1.22285098544 4.14979809128744
1.28735028298 5.074717606213258
1.2789206757099998 4.580049262598368
1.2421285808799998 4.2263273168159845
1.16382368722 3.188378921741448
1.28664649857 4.877978598322579
1.32245263281 6.431205130843303
1.2043444969 4.728771397288585
1.22146032786 4.883991430316513
1.2263582604999999 5.015733151536434
1.1466894360900002 4.194026714048861
1.21389150303 6.119584377357879
1.1326553157099999 3.8387712880327594
1.08534023341 3.1740682969810843
1.18651295325 5.457442279519202
1.2061687582899998 5.298876025889355
1.2756945424400001 6.035861684464489
1.13117711674 4.23128199772894
1.17910169797 5.479029414519339
1.0778641725 3.4793780284028717
1.02250424148 3.018391272325457
1.3338049065900002 12.000047019291378
1.0136058913300001 2.7112959849066596
1.1166067294200002 4.629267810030063
1.27715797026 9.891491885213817
1.04505589542 3.3721419024803385
1.2114152692500002 7.130033951033248
0.9967866190699999 2.5947647509819074
1.025309183 3.3202531009264398
1.0344586634800002 3.816774596277324
1.18025992754 6.9426408991397555
0.98338307411 2.769510113909265
1.77609661797 26.71454225556498
1.05334018799 4.119913148713434
1.15764794285 7.593814894215796
0.9507951887899999 2.8018588519841217
1.08828810168 5.657355472793369
1.24801285053 9.639592764466148
1.11208833805 5.596139338507413
1.05547751146 3.83558058504075
0.9937345798399999 3.3150082495310835
1.28551246955 11.009548953042813
0.99373383154 3.3150076529720574
1.0554777771500001 3.835580809221058
1.11208867171 5.596139344129957
1.24801413144 9.63962311666311
1.08828833209 5.657355465768075
0.9507955340700001 2.8018599919602227
1.15764826596 7.593815055952619
1.05334031961 4.119913121639085
1.7760956503799998 26.714510784166986
0.9833832495200001 2.7695104963571984
1.18026005316 6.94264089840957
1.03445881468 3.81677249593852
1.02530934813 3.320255085663912
0.9967867205000001 2.59476475897206
1.2114153723199999 7.130033937959277
1.04505605618 3.3721419758642712
1.27715798567 9.891491863228064
1.11660680063 4.629267784553825
1.0136061351999999 2.71129583164534
1.33380496527 12.000047009173361
1.02250438109 3.0183913760916794
1.0778641071500001 3.479375841558821
1.17910183333 5.479029432554994
1.13117719453 4.231282019475919
1.27569454492 6.0358616568641414
1.20616879349 5.298876019058425
1.18651285897 5.4574420624131115
1.0853402403699999 3.1740682787418293
1.1326552903 3.838771250058632
1.2138915025 6.119584347490005
1.1466896906300001 4.194026802550798
1.2263583129699998 5.015733156616371
1.22146013983 4.883991194436747
1.20434350036 4.728746259811326
1.3224528211 6.431205177713513
1.28664655933 4.877978599267292
1.16382373104 3.188378890785744
1.24212871214 4.22632738882321
1.2789206797 4.580049236494792
1.28735132584 5.074744355443672
1.2228509300900001 4.149798042551607
1.21701055609 4.004552842138061
1.3857957905900002 8.57627344193524
1.3047401662 4.3649136859404996
1.41818858763 7.657407091310086
1.33791737973 5.966410888644736
1.59525043857 13.54130467157178
1.5579550320100002 11.58452456582516
1.7044003865 15.031358037133671
1.4764873615 7.273933410220111
1.3793355485 3.9068326797956647
1.3416701867899998 3.084855038652436
1.38841736272 4.003652507649782
1.5888675968200001 8.872817347781243
1.56891919334 7.494821396957494
1.50577794399 4.026800582975634
1.6994442773199998 7.848024623459072
1.5957763059799999 4.107549434428081
1.67151830696 5.688225638115342
1.6302163688 4.191538953912057
1.67099745234 4.969030189762071
1.81052666641 5.842357093156368
1.67325598859 3.2555728034475995
1.98670359887 12.1549407701046
1.7354938938100002 3.644042907801502
1.7855115069199998 4.7010370756110325
1.9024529242000001 5.866070950490607
1.8691225879499997 5.288210191612817
1.8891085639199998 6.1390218009770265
2.01999864671 5.557699028063011
2.19993376831 11.84237060176645
1.8905894372299996 3.04290661149567
2.20576790101 11.752261444219846
2.05581290698 4.373195067238775
2.0156582886 3.5475909598481032
2.04938225499 4.032006910037164
2.1368509993 5.646095466574269
2.1830483391400004 5.643604451098161
2.1637691435299997 5.39281557515456
2.11249557768 3.5482136111805933
2.33456786056 9.308741684840122
2.1940037309 5.414451885965472
2.2093211891699998 3.3456433615550636
2.2095092512299996 3.89045592100688
2.35942652441 7.277267644181632
2.34960828494 6.017206536166647
2.18074584136 3.002168382682292
2.2585600423699996 4.1296757026393855
2.54179924207 8.509610826688833
2.3417429649 3.9619709423438416
2.3488463715999996 3.4993246992543043
2.5036403752000003 5.303393142644325
2.7337958848999997 11.69747798225944
2.5352841994 3.8457937737197847
2.6663959845 7.621860679128375
2.6757610679 8.951516672451978
2.74124094668 7.382179194149481
2.6994860198 6.583662014419917
2.6312523548 5.268349235999828
2.927925456 9.066928305361204
2.9244858779999996 9.936357638402779
2.7283333714999998 4.288657349309269
2.8165400937000005 4.604317017459817
2.7066340715999995 3.788242929608011
2.8854823784 7.406900245251076
2.7044982068 3.6421679472287676
2.9511208058 7.110086302331161
3.0059774109 6.59206546661632
3.0903158615 6.838135929734303
3.5118806007999996 14.695627188334159
3.4940133347 14.73506421269083
3.0364665353 4.485453867518544
3.1803507456999998 9.303157679528308
2.999616937 4.218802714082963
3.0849071412000004 4.445067958775078
3.1219064757 5.798651485262736
3.1490121998000005 4.4985739703481595
3.7082875927 17.0896073065349
3.5713207703 9.957910280666951
3.6043671559 7.117388660135407
3.5327157644 7.103634584807591
3.5558368146 9.677267635984418
3.7334162808999998 11.850360252789864
3.5954803908999997 7.298973921902123
3.5710618422 5.147654117312281
3.7736393034000004 8.033757549462887
3.7654371650000003 10.521350203035643
3.7931147055000003 7.881957602926619
3.7697855177 7.301237929404043
3.6881197281 5.802693007226895
3.8491269769 7.407889198461766
4.0226810108999995 7.747302314396029
4.1184588628 7.13251862171847
4.327300483000001 11.06201330682866
4.3283376994000005 11.930265304455226
3.9581385943 6.002999717753669
4.2249038061 10.367701557472929
4.0136798514 7.467646814123142
4.187205562400001 6.486960351081967
4.665588570399999 9.271481578146965
4.8736510139 9.188585581050665
5.3102926246 14.813192007931153
4.6726283137 8.271359169236268
4.9522002956 9.31714876196267
4.8974703844 9.14649374036091
5.3938625594000005 11.862618461489474
5.4875740199 9.111813163372691
5.440576481 10.22726764069735
5.3306766713 9.638445012151463
5.244355797 8.72286353490061
5.4289213058 8.92967471924867
5.8860579394 9.917843825591799
6.3932399354 12.50271858680728
6.3475274985 10.855929848666788
6.460196284700001 11.649474904168624
6.6625244966 12.187636542222462
7.130901945899999 16.643151421188193
7.257178678500001 10.947822023280573
7.448446468699999 10.269967653451538
7.2550681107 10.320463707993556
7.3652574371999995 12.016203425418885
7.6212336311 11.433678312810567
8.4651009515 12.665115419705874
9.157901941399999 11.38134893064809
9.046590812499998 11.880524659709788
9.032826644199998 12.938771425994512
8.8998323468 11.2857286151017
9.4400996459 12.169258033133673
10.439746460599999 13.770124210161176
10.588364728299998 15.030617708808187
10.178574623000001 13.623819507401878
10.2305511911 13.218104955863762
12.118935740099998 20.171838146774046
13.6764380741 21.04963024834317
12.0963544329 14.905270032330568
11.881617555699998 15.925616437197544
11.9328466438 16.597245558361188
13.169828152400001 22.848758383927926
13.3476305727 19.092180004339042
12.3812904615 17.643283738570265
12.507145449200001 18.318401545235517
13.8535077065 21.447783311577087
15.5505227012 20.83238420693503
13.6339544384 17.184258949990227
12.488674035 17.677048121385177
13.238167714 18.34215506196045
15.730548532999999 20.296623562846445
14.645443692399999 17.29966245820247
14.4547356291 18.479381805375667
16.4725775463 22.62723779029832
18.441050787 23.691225464818164
18.228425773899996 23.1425253729923
17.298966815 22.72682273646486
21.912672168999997 28.558348694315605
21.785059417 25.47822479815056
18.742147895000002 22.795217210654304
19.005281900000004 26.170563620725527
23.127225453999998 32.05704596867038
20.847963192 27.54331348078132
19.885775739 28.177095089478225
27.006844989999998 37.21133533541441
24.241465524 36.54048671692428
20.728173557 31.83424468393209
25.325220801 35.862629309349906
24.686142412000002 31.118950288522537
22.769597368000003 33.73909886074951
31.707163476 52.819838975207865
26.293041845 30.82484352446554
24.742193094 46.223858152605246
32.071950410999996 39.7712575278118
25.701224445 31.201052368551785
27.149620254000002 31.14106118623912
32.890313151 43.296916298901834
31.996881541000004 102.49344965886237
46.418236 90.16371403562046
31.897391814 42.248318325051976
35.58802466 45.977463844309575
35.158607225 43.91346513078763
43.35570662 49.401017212322714
45.650807455 52.11607493237459
37.372945913 41.12752724712165
41.130901444 46.83056679167514
42.654319761 51.729187469508375
43.743927803 55.37059023028927
56.960183779 75.91482363429866
46.144522138 49.825154068888615
59.23952257 85.97904555405262
56.507784050000005 76.78481318735837
66.31324194 81.3932550475372
56.79559995 70.56427672355183
59.365871369999994 67.75879490389498
73.97454181999998 86.20467214561515
81.98449742 133.8316720129993
82.3888621 109.0640430618457
88.00162218000001 100.56244108511709
93.89267708000001 102.0257903357475
101.24749503999999 136.41439484790953
130.30850559 145.00018951470963
119.58299630999998 130.78330370138454
147.22179694000002 165.35105379741265
154.79512411 162.82968753371335
177.37781779 206.4201749640129
157.83798595 162.34059506206648
213.4445317 246.78982413957155
191.23466405 227.56928434418515
225.4606879 300.65240976928027
248.28170132 258.76587058325475
279.14619539999995 290.99177416138815
323.0194547 291.2151544540753
390.761294 349.928184997609
533.0619097500002 464.5729099140807
679.65123573 649.134541384474
1024.33481346 995.6825591708221
1922.08530517 2213.397866916621
1288.8649396899998 1998.2011101817707
214300.27678000001 246297.19055637033
1221106.97717 1857969.8677749464
1949854.9439700001 2156790.341342794
1073353.86181 1141989.858315471
671770.1179 651970.47313897
534728.5645 459523.46370648366
395613.916 408092.5334943805
337482.65489999996 325593.3096634903
305997.9079 328918.85654727893
288221.36319999996 328702.5531829245
277284.7893 363293.1298170052
253066.50819999998 303222.19374384795
301004.66275 343363.61387289525
235270.21468 287343.14658944175
268754.84546999994 346656.3980745455
241444.76340999999 286117.5686795308
232733.43525 290895.63082718407
193415.41161 220847.76712239443
202905.99371 231814.77125083684
164086.90594 200035.10489368308
153693.42466 185034.20732575876
148306.25035 229195.59055067095
149037.77862 222376.03215682402
138401.60186000002 228195.8755441309
129561.32483 169278.63681794182
107187.19163 132127.4232818517
98434.36627 117965.9095188102
110955.73878 132279.96144034018
101663.11018 147366.3860350612
101841.13746000001 141115.9211931527
85267.074402 103624.61086913956
100430.52653 152070.71904347633
80120.72316400001 109242.11735941056
79131.486574 106848.99786340543
75543.667491 95766.84412501608
66739.064266 76515.73060249902
77441.164972 88401.97586300652
75948.01314699999 97883.0882616274
66292.43927599999 104107.89159355636
63683.81056399999 86803.15715595796
57235.968758 78860.45449522662
73456.214239 107438.13033307859
55736.084328000004 124749.2780866927
57882.87762 75656.89293431079
49297.732464 63557.62763086466
45872.34407 58028.4096266152
51024.008334 57397.33954230113
41060.417183 57143.7193081636
43110.320231 56878.72472619443
49180.032695999995 77474.2319917943
36761.008463 49274.732007170525
38590.643175 48686.609727336014
38037.909324 54227.623823273076
31281.271555 44464.58473517167
36449.990325 49050.318967239014
39345.12179999999 50000.3151049242
30264.644255999996 40176.37528599032
30805.337294 40563.22965255202
33654.32640400001 48996.8821272061
28428.996145000005 41523.29436467496
28016.276474399998 32388.225191138128
31594.941148 36964.617320002086
31217.919464 40299.51868924939
25971.524164899998 34577.89822199682
27189.6077303 35151.53574933953
27969.883082500004 41273.12720013438
25454.047944 34494.927522328886
21995.2525594 30180.580668342638
22861.9914576 30273.295128426606
23412.978821 32320.740118736285
19782.330159 30131.12430056675
18297.2352107 24598.251620953582
20681.5320532 27865.216520264446
22492.305633199998 30669.345926228645
19418.283200200003 25185.85018068023
17852.930413899998 25429.040364194974
17883.5340579 26584.678664271323
19005.340294200003 24963.252208188045
18515.911080899998 23923.582419333063
17163.3457428 22552.968533940395
18016.1546342 25292.103752979085
18101.157586 25306.34503087865
20106.615899800003 32121.408604897682
18245.0330315 37000.31454243467
14921.912512800001 20521.935276249573
15528.136355800001 22334.78721170402
15375.090396899997 21345.650370849817
15781.2657614 26135.82840201002
14311.1188672 22427.3606627512
13282.0448933 20010.404604023923
13264.976595400001 20098.8300354174
12829.144104699999 16714.21238403093
13024.7500532 20644.262921904963
12315.001124000002 19413.074598682928
10541.115095899999 14468.26029048401
10403.601082899999 16675.856891855645
10304.7833037 17578.02885446541
10480.9323257 19857.835472010265
9981.311688 15662.641545911045
9802.5815414 21208.339754633376
9232.549466699998 18061.216043411503
8657.8933223 13173.13752411736
8541.1903573 12969.48691542756
8391.744582300002 13929.84052362689
7646.152792 11030.945090257976
7157.050027599999 10795.633337096724
6818.494327099999 9868.537845621824
6877.8001436 9833.353507949392
7129.5900522 11039.313704334138
7118.447609100001 10380.644371537841
6949.4043266 12325.131241351799
6291.8569248 8901.488642927457
6440.796867200001 9977.981633917305
6074.413706 8454.348189561277
7028.649529300001 16360.145922406955
6513.1673804 10815.849344771526
6290.401478399999 10666.517327625532
5799.1555259 9363.52729446173
5363.1572137 7649.534907427338
5742.1367291999995 9581.666746986171
5435.624116599999 7617.484248779663
5748.8088205 11722.607201257662
5829.420881 12518.63093314236
5671.4485609 11246.09026460968
5374.4983795 7676.067130982211
5328.266566399999 8968.035069206311
5146.584943299999 7760.096696244951
5207.325468999999 7940.495106681797
5217.728750300001 7652.666837422829
5213.9856770999995 10287.48745045693
5246.9250503 7894.369897089766
5120.7637242 7690.472886102441
5042.069894900001 8085.975454062361
4989.414737 8719.129372105323
4857.748151000001 8652.964574524814
4858.6753275 7717.912959590136
5096.248776 10549.844055569165
5042.112289 9456.02121193935
5054.4701951 13783.037953444804
4417.0092863 5890.807279685883
4379.7096359 6583.256338283218
4334.593182999999 6437.730136794823
4303.4835005 5538.754393925146
4498.4086951 8198.909735316845
4373.9025626 5726.492732039362
4753.491899000001 9667.243068897726
4985.1149406 14610.21933660914
4366.4912701 7026.266254626998
4296.9548326 6530.151100121516
4145.6173468 6227.887299606464
3953.3132281 5260.347075583005
4106.1990707 7264.951492398882
3969.7214809 5870.943593053441
4038.9491472000004 5976.08927265939
3947.5701307000004 6628.611922927233
4087.6037248999996 8228.959536404358
4091.9813465 8676.56178297311
3796.68668451 5920.63340317189
3851.2292247 6365.779406488466
3925.427363 8124.192104311054
3634.51973875 6340.561698967108
3762.567595 6417.884432477756
3664.10820309 4942.001374804851
3764.7231978999994 9862.611156339008
3639.6135284 6005.374251842323
3399.59570185 4626.774068403922
3475.2067126999996 5289.720754607343
3605.71801832 7125.873188832149
3339.27713225 5132.508415372134
3308.61388615 4982.682205008006
3443.72896986 5736.153613848181
3372.29050459 5902.055422567441
3301.26817899 4862.027412821664
3344.8757834400003 5179.628970024138
3268.67411511 5687.480762111659
3345.6829142399997 7940.763541080528
3204.23317743 4902.6576417694205
3212.1124061699998 5872.145468236361
3383.2913008500004 7188.182576408375
3236.45961627 5773.689226639881
3033.5030434100004 4950.831534171131
3032.09947502 4867.110200594409
3052.0590015900007 5232.294097691705
3013.9064457900004 7390.453815425287
2807.62832252 4238.682899495712
3092.50743987 9388.332871758097
2921.32640478 5294.037269339686
2687.69302473 5246.337795499446
2787.19130771 5488.635602938145
2805.5190398699997 5800.521198075656
2641.0767251099996 4677.345558802475
2588.8473824 4546.924926228007
2803.5595816 9945.538579192871
2540.5120669699995 5016.096234838824
2648.8115477899996 5458.662107001472
2504.41131267 5194.6742846601
2412.55939878 5642.740054435155
2423.01947159 5649.2350276098105
2406.8406309200004 5582.342312352326
2369.8926890599996 6112.007052709284
2266.2733264300005 5414.942881348569
2295.9210634000005 7048.736647129319
2256.75829255 8026.263572065527
2078.11494887 5100.619550817189
2013.19770725 4325.89087873134
2120.61362203 4962.159286935799
2095.17251088 6198.803128810937
2164.10155184 9082.679724595433
2181.70457418 10153.909408065876
2038.84185232 8218.566125613788
1916.19359466 5141.320796807761
2109.72613908 7398.956240807914
1969.36748087 5273.672333871022
1839.8923649400003 6008.019105103816
1805.2794905599999 4704.509264829892
1823.2047816 5440.123555591251
1859.77993752 4923.396506729515
1947.79261754 5595.30377473989
1876.69897721 5874.982801369066
1722.50408648 4211.311854270855
1860.7070476200001 5313.345226760291
1885.81524527 5512.225813347322
1752.98713547 5014.614452138558
1780.9822393999998 5172.483826138537
1768.55114145 4695.648924783564
1730.7501967000003 4746.491989180494
1792.57456933 6105.129190342547
1686.88242555 4455.881737511847
1713.8148842599999 4678.876718645846
1778.5283990700002 5480.775240438616
1785.34184602 5525.647014599289
1843.8564665600002 5693.2745143148995
1780.761919 5146.790806594879
1847.19228202 5822.025324841225
1694.9285103 4410.024309294028
1662.98539078 4457.0809029308875
1764.91115874 8197.833331526865
1639.25840576 4359.64187130452
1682.06884331 5157.567584714407
1664.83572763 6476.2926159739445
1558.4615221899999 3906.534754395628
1738.0404092 6844.166751118191
1521.83682659 3781.1132359396356
1531.5407686699998 3968.221522234061
1521.89704287 3918.0442115203273
1700.6556526799998 6093.603334748913
1471.29512295 3635.8081225083806
2021.8626113000003 18915.61747073799
1595.6849127 4478.870694613464
1630.8892960700002 5907.78304875862
1485.89989422 3996.807585815573
1541.6914492800001 4658.257240184533
1733.01157393 7472.641195725818
1667.34352792 5364.769940735334
1644.3034731800003 4754.70326112376
1565.1068094299999 4276.445807315713
2076.29890095 8865.54702481866
1565.10649293 4276.445850711198
1644.3035424000002 4754.701828680179
1667.3434126000004 5364.76919872398
1733.0116025800003 7472.641135072512
1541.69151062 4658.2571516549
1485.90019354 3996.8087954805114
1630.8894018200003 5907.783007321326
1595.68496466 4478.870632787741
2021.86261428 18915.617458962686
1471.29503662 3635.8074728001275
1700.6557175699998 6093.603323924513
1521.89707083 3918.0430523990517
1531.5406931200002 3968.221403780495
1521.8366813000002 3781.112544995265
1738.0406080900002 6844.1671441089875
1558.46156412 3906.5347530546255
1664.83572664 6476.292584473164
1682.06883802 5157.568472709125
1639.2585887 4359.6424256257305
1764.9112081500002 8197.83332830296
1662.98565429 4457.081763700893
1694.9284954299999 4410.0242738530505
1847.1923272600002 5822.025317972954
1780.7621351899995 5146.790980321979
1843.85637054 5693.273899493046
1785.34168483 5525.645226506681
1778.5285174100002 5480.77666630231
1713.81488251 4678.876709420857
1686.88252777 4455.882551771373
1792.57448396 6105.12882600946
1730.75038514 4746.492061822947
1768.55130124 4695.649283025785
1780.98215913 5172.483926201157
1752.9870932699998 5014.61442182091
1885.8154566599997 5512.225322464495
1860.70715323 5313.345593787556
1722.50393005 4211.311423752859
1876.6991947500003 5874.9831616482015
1947.79256559 5595.303701502593
1859.77985892 4923.396049230636
1823.2045336200001 5440.122395270311
1805.2795675900002 4704.509324390448
1839.8933044 6008.042290849581
1969.36735464 5273.672033871644
2109.72618181 7398.956885192358
1916.1936779 5141.322359205533
2038.84177687 8218.566021745908
2181.70462999 10153.909416760842
2164.10159531 9082.679734593688
2095.17236872 6198.802959289742
2120.61370126 4962.159340127807
2013.19766095 4325.890835318862
2078.11505866 5100.619560230473
2256.75830523 8026.263559375549
2295.92107574 7048.736636088075
2266.27335919 5414.94374554112
2369.8928913699997 6112.007251020877
2406.8406595100005 5582.342337197121
2423.01939709 5649.234885403947
2412.5594879599994 5642.7400753053425
2504.41127002 5194.674286206617
2648.8115456999994 5458.660464938707
2540.51202849 5016.094228206125
2803.55961571 9945.538575593071
2588.84719569 4546.924623124488
2641.07678992 4677.345791104178
2805.51900996 5800.521058637415
2787.1912105399997 5488.635138747672
2687.69304195 5246.337793214226
2921.32655891 5294.037333678693
3092.5075442899997 9388.332883825195
2807.62839181 4238.6829392469945
3013.9062900399995 7390.453387918115
3052.0589580200003 5232.294081441375
3032.09934717 4867.110329349194
3033.50312682 4950.831538717265
3236.4596925600003 5773.6897620280215
3383.29114873 7188.181437324771
3212.1122819499997 5872.145140104593
3204.23321244 4902.657614192233
3345.6829072399996 7940.763530346617
3268.67413623 5687.480744387718
3344.8756542500005 5179.627931998031
3301.26807741 4862.026225080644
3372.2907291099996 5902.055937053284
3443.72880227 5736.153383584812
3308.6140494600004 4982.6835148806595
3339.2770021599995 5132.507291426575
3605.7182295200005 7125.873377993719
3475.2063371 5289.718730181808
3399.59607496 4626.774921348062
3639.6138569 6005.374943090777
3764.7240777 9862.638987872213
3664.10811018 4942.000822277424
3762.5675858000004 6417.884354925632
3634.5197175399994 6340.5616819423685
3925.4265757 8124.1901355189175
3851.2291625 6365.779537263663
3796.6869231899996 5920.634436690534
4091.9812972 8676.561533452712
4087.6037542000004 8228.95947628891
3947.5701198 6628.611791957497
4038.949418 5976.090298059077
3969.7212889 5870.943388833076
4106.198811 7264.95124524599
3953.3133070999997 5260.3468386679515
4145.6171676 6227.887089549792
4296.954595499999 6530.150559344289
4366.490829300001 7026.265709836914
4985.1149012000005 14610.219586250245
4753.4919031 9667.243087426443
4373.902552400001 5726.493443726513
4498.4085556 8198.90951978341
4303.4835258 5538.754443158356
4334.5930837 6437.729910898037
4379.7092377 6583.255975130549
4417.0097909 5890.808012276121
5054.4704884 13783.038148071173
5042.1122835999995 9456.021067677666
5096.2486481 10549.843971108809
4858.675188300001 7717.913006954458
4857.748176200001 8652.964567078081
4989.414910900001 8719.129727810885
5042.0700105999995 8085.975803148287
5120.7639616999995 7690.473286512222
5246.9250634 7894.369393828693
5213.9858637 10287.487412104061
5217.7288745999995 7652.667061629026
5207.3250521 7940.494825483275
5146.584817800001 7760.096534925071
5328.266691100001 8968.035132630679
5374.498142699999 7676.066152439754
5671.448702400001 11246.089766096778
5829.4209776 12518.630919616282
5748.809531500001 11722.626299533431
5435.6240982 7617.484619392516
5742.136638499999 9581.666184556449
5363.157124399999 7649.533746513969
5799.155029400001 9363.52666184421
6290.4026739 10666.519037353333
6513.167350199999 10815.849005052969
7028.6494969 16360.145915996518
6074.4137078 8454.348048021267
6440.7970541 9977.981903200629
6291.8567733 8901.488549657359
6949.4042961 12325.131084528299
7118.4485171 10380.646058440954
7129.5902335 11039.31368363574
6877.800064699999 9833.353199127378
6818.494050200001 9868.537188762519
7157.0505883 10795.635225042017
7646.1530862 11030.945213384533
8391.7441997 13929.839903924556
8541.189976799998 12969.486524976257
8657.8928094 13173.136631182444
9232.5493544 18061.215861913803
9802.5812579 21208.340063296168
9981.3119913 15662.641812517477
10480.933312000001 19857.83583322538
10304.7835298 17578.028905448373
10403.600804699998 16675.856978242075
10541.1149891 14468.260373141688
12315.001609300001 19413.07491152642
13024.750070799999 20644.26316951062
12829.1434061 16714.211533418045
13264.9774298 20098.83062338259
13282.0448575 20010.404559192808
14311.119393199999 22427.360570127184
15781.2648512 26135.828162135942
15375.091473899998 21345.651419949707
15528.1357356 22334.78627789799
14921.9116837 20521.93502360553
18245.033159599996 37000.31456043071
20106.616553099997 32121.408784445714
18101.156637100004 25306.34406038614
18016.155314199998 25292.104067295655
17163.3468986 22552.969066369304
18515.911671 23923.58310649066
19005.3400196 24963.2451561387
17883.5332557 26584.6780138554
17852.9306811 25429.040507966507
19418.284389200002 25185.85061131906
22492.3065519 30669.34721110693
20681.5314714 27865.21615995194
18297.2359197 24598.25703781587
19782.328521 30131.12351497834
23412.979172699997 32320.740076925238
22861.9920329 30273.295557990983
21995.2530056 30180.58517448794
25454.050809 34494.93479969672
27969.8830185 41273.11845103231
27189.6069243 35151.5326470227
25971.522775899997 34577.89753675409
31217.919624 40299.52251728332
31594.941641999998 36964.617541854524
28016.275230299998 32388.220568273817
28428.995837000002 41523.29397218039
33654.3286 48996.888018388505
30805.335589000002 40563.22884779821
30264.644603999997 40176.37534041608
39345.122549 50000.31789441104
36449.990001000006 49050.31931820194
31281.271149 44464.58466547773
38037.910001000004 54227.62398046165
38590.641418 48686.6046832819
36761.01078900001 49274.73996451615
49180.033344999996 77474.23192180095
43110.321262 56878.72706124728
41060.419493 57143.71967226965
51024.005945 57397.33127031829
45872.34459100001 58028.41154669449
49297.734853 63557.639858601935
57882.878752000004 75656.89195778196
55736.08196799999 124749.27591307616
73456.219289 107438.13250618608
57235.970462 78860.45418340094
63683.817674000005 86803.17171082916
66292.434476 104107.88629239159
75948.023537 97883.09975790603
77441.16313200002 88401.97388916953
66739.063955 76515.73519535565
75543.67566800001 95766.85760113981
79131.49638600001 106849.00368361047
80120.723625 109242.12030849207
100430.51987999999 152070.71489222895
85267.07731200001 103624.60908020749
101841.14323999999 141115.92640442358
101663.11402000001 147366.38921679504
110955.72839 132279.95065138867
98434.37238 117965.90846373966
107187.20150999998 132127.43091820972
129561.32354 169278.62811748442
138401.60408999998 228195.87520008493
149037.78616000002 222376.03994860608
148306.24807 229195.58803196362
153693.42526999998 185034.20782540843
164086.89334000004 200035.10008284295
202906.00063000002 231814.77548854836
193415.42219 220847.77080991265
232733.44355000003 290895.6351238718
241444.7614 286117.5656933644
268754.84768 346656.39729163423
235270.23010999997 287343.15271802794
301004.63835 343363.5788421421
253066.51419999998 303222.19371197623
277284.7937 363293.1292667148
288221.4136 328702.66173173644
305997.9314 328918.8624919911
337482.65709999995 325593.30704893277
395613.9238 408092.53628389136
534728.6214 459523.47587920143
671770.154 651970.4878138376
1073353.9947 1141989.9819782262
1949855.07087 2156790.4565485907
1221106.87227 1857969.740290113
